initial_point:
  initial_x: 0.0
  initial_y: 0.0
  initial_z: 0.0
map: /home/administrator/HV_monitoring/maps/demo
point1:
  Complete: 1
  x: 0.65
  y: -0.65
  z: 0.5035751170549738
point2:
  Complete: 1
  x: -0.65
  y: -0.65
  z: 0.9872230994441852
